Starting Dynare (version 5.3).
Calling Dynare with arguments: none
Starting preprocessing of the model file ...
Found 63 equation(s).
Evaluating expressions...done
Computing static model derivatives (order 1).
Computing dynamic model derivatives (order 1).
Processing outputs ...
done
Preprocessing completed.


STEADY-STATE RESULTS:

mc        		 0.888889
Pi        		 1
Z         		 0.039621
w         		 5.17265
R         		 1.015
epsilon   		 0.978974
Q         		 1
Y         		 1.76077
M         		 0.287774
L         		 0.15734
C         		 1.18057
I         		 0.237015
K         		 11.8507
EX        		 0.315464
N         		 2.2789
K_b       		 9.11201
K_h       		 2.73874
D         		 2.39613
D_star    		 4.55422
x         		 0.489295
psi       		 1.60336
phi       		 3.99842
upsilon   		 1.56716
mu        		 0.00713487
mu_star   		 0.0114754
A         		 1
R_star    		 1.00757
Y_star    		 0.322239
Phi       		 0
Theta     		 0.401
chi_h     		 0.00623437
chi_b     		 0.0214878
Ynet      		 1.45133
P_c       		 1
R_dc      		 1
theta_c   		 1
cryp      		 0
DC        		 0
m         		 1.18057
R_c       		 1
Lambda    		 0.985222
gam       		 0.0243172
trs       		 1
Lambda1   		 0.822732
sigma_Rc  		 0
mu_cryp   		 0.02316
x_c       		 0
DE        		 1
logY      		 0.565751
logPi     		 0
logR      		 0.0148886
logI      		 -1.43963
logL      		 -1.84934
logC      		 0.165997
logEX     		 -1.15371
logM      		 -1.24558
logD      		 0.873856
logD_star 		 1.51605
logN      		 0.823695
spread    		 -5.37714
logm      		 0.165997
leverage  		 1.3859
TB        		 0.02769

EIGENVALUES:
         Modulus             Real        Imaginary

       8.034e-17       -8.034e-17                0
       2.339e-16        2.339e-16                0
       3.928e-16       -3.928e-16                0
          0.4645           0.4645                0
             0.9              0.9                0
             0.9              0.9                0
             0.9              0.9                0
          0.9337           0.9337                0
            0.95             0.95                0
            0.95             0.95                0
           0.972            0.972                0
          0.9809           0.9809                0
           1.022            1.022                0
           1.045            1.045                0
           1.075            1.075                0
           1.155            1.155                0
           1.603            1.603                0
             Inf              Inf                0
             Inf              Inf                0


There are 7 eigenvalue(s) larger than 1 in modulus 
for 7 forward-looking variable(s)

The rank condition is verified.

MODEL_DIAGNOSTICS:  The Jacobian of the static model is singular
MODEL_DIAGNOSTICS:  there is 2 colinear relationships between the variables and the equations
Relation 1
Colinear variables:
Z
w
epsilon
Y
M
L
C
I
K
EX
N
K_b
K_h
D
D_star
x
psi
phi
upsilon
mu
mu_star
R_star
Y_star
chi_h
chi_b
Ynet
m
gam
Lambda1
mu_cryp
logY
logI
logL
logC
logEX
logM
logD
logD_star
logN
spread
logm
leverage
TB
Relation 2
Colinear variables:
Z
w
epsilon
Y
M
L
C
I
K
EX
N
K_b
K_h
D
D_star
x
psi
phi
upsilon
mu
mu_star
R_star
Y_star
chi_h
chi_b
Ynet
m
gam
Lambda1
mu_cryp
logY
logI
logL
logC
logEX
logM
logD
logD_star
logN
spread
logm
leverage
TB
Relation 1
Colinear equations
    46    47
Relation 2
Colinear equations
    46    47
MODEL_DIAGNOSTICS:  The presence of a singularity problem typically indicates that there is one
MODEL_DIAGNOSTICS:  redundant equation entered in the model block, while another non-redundant equation
MODEL_DIAGNOSTICS:  is missing. The problem often derives from Walras Law.

MODEL SUMMARY

  Number of variables:         63
  Number of stochastic shocks: 6
  Number of state variables:   12
  Number of jumpers:           7
  Number of static variables:  45


MATRIX OF COVARIANCE OF EXOGENOUS SHOCKS
Variables               varepsilon_R      varepsilon_A  varepsilon_Rstar  varepsilon_Ystar            eps_Rc               vol
varepsilon_R                0.000006          0.000000          0.000000          0.000000          0.000000          0.000000
varepsilon_A                0.000000          0.000100          0.000000          0.000000          0.000000          0.000000
varepsilon_Rstar            0.000000          0.000000          0.000006          0.000000          0.000000          0.000000
varepsilon_Ystar            0.000000          0.000000          0.000000          0.000000          0.000000          0.000000
eps_Rc                      0.000000          0.000000          0.000000          0.000000          0.000000          0.000000
vol                         0.000000          0.000000          0.000000          0.000000          0.000000          0.000000

POLICY AND TRANSITION FUNCTIONS
                                logY           logPi            logR               R            logI            logL            logC           logEX            logM            logD       logD_star            logN          spread            logm        leverage              TB            R_dc
Constant                    0.565751               0        0.014889        1.015000       -1.439632       -1.849344        0.165997       -1.153711       -1.245580        0.873856        1.516055        0.823695       -5.377140        0.165997        1.385898        0.027690        1.000000
R(-1)                      -2.052119       -0.969708        0.345149        0.350326       -2.972917       -2.714534       -2.165421       -1.565556       -3.558673       -8.170083       -0.224867       -7.173725       12.026049       -2.165421        2.352175        0.530217               0
K(-1)                       0.015131       -0.003753       -0.000131       -0.000133       -0.075019       -0.014119        0.023621        0.020337       -0.015792       -0.261689       -0.000998       -0.236759        0.551305        0.023621        0.117822        0.010960               0
K_b(-1)                     0.000534        0.000015       -0.000681       -0.000691        0.066251       -0.003609        0.008068       -0.011437        0.013390        0.776044        0.000846        0.605768       -1.061961        0.008068       -0.254498       -0.007461               0
D(-1)                      -0.000531       -0.000015        0.000678        0.000688       -0.065951        0.003593       -0.008032        0.011385       -0.013330       -0.772527       -0.000842       -0.603023        1.057148       -0.008032        0.253345        0.007428               0
D_star(-1)                 -0.015532       -0.003449        0.004628        0.004698       -0.112030        0.015176       -0.061397        0.097829       -0.130133       -1.590196        0.213015       -0.873244        1.444508       -0.061397        0.386162        0.068311               0
A(-1)                       0.634175       -0.177963       -0.029887       -0.030336        0.767836       -0.351286        0.633262        0.569659       -0.461980        0.639179       -0.029192        0.679268       -0.699164        0.633262       -0.077986        0.312653               0
R_star(-1)                 -1.464190        0.089287        0.595309        0.604239       -6.563468        1.135103       -4.680294        9.386100      -11.413574      -63.080032        0.278794      -35.662465       59.232565       -4.680294       14.789725        6.245505               0
Y_star(-1)                  0.489743        0.076399       -0.014128       -0.014340        0.369455        0.443151        0.182891        2.099100        1.440577        3.995393       -0.106591        2.387075       -3.650421        0.182891       -1.124328        0.247630               0
epsilon(-1)                 0.159475        0.075402       -0.026714       -0.027115        0.219067        0.211742        0.166909        0.123828        0.274275        0.493493        0.017331        0.447132       -0.741085        0.166909       -0.136399       -0.039866               0
varepsilon_R               -2.602035       -1.230274        0.435877        0.442416       -3.574356       -3.454825       -2.723323       -2.020400       -4.475142       -8.051950       -0.282777       -7.295512       12.091721       -2.723323        2.225512        0.650466               0
varepsilon_A                0.704639       -0.197737       -0.033208       -0.033706        0.853151       -0.390318        0.703624        0.632955       -0.513311        0.710199       -0.032435        0.754743       -0.776849        0.703624       -0.086651        0.347392               0
varepsilon_Rstar           -1.548871        0.116530        0.638211        0.647785       -6.730101        1.185006       -4.891975        9.937679      -12.028188      -62.102590       -0.760043      -35.239326       58.559303       -4.891975       14.493630        6.596378               0
varepsilon_Ystar            0.544158        0.084888       -0.015697       -0.015933        0.410506        0.492390        0.203212        2.332333        1.600641        4.439326       -0.118435        2.652305       -4.056023        0.203212       -1.249253        0.275144               0


THEORETICAL MOMENTS
VARIABLE          MEAN  STD. DEV.   VARIANCE
logY            0.5658     0.0264     0.0007
logPi           0.0000     0.0046     0.0000
logR            0.0149     0.0043     0.0000
R               1.0150     0.0043     0.0000
logI           -1.4396     0.0463     0.0021
logL           -1.8493     0.0164     0.0003
logC            0.1660     0.0414     0.0017
logEX          -1.1537     0.0667     0.0045
logM           -1.2456     0.0737     0.0054
logD            0.8739     0.4455     0.1985
logD_star       1.5161     0.0292     0.0009
logN            0.8237     0.2436     0.0593
spread         -5.3771     0.3902     0.1523
logm            0.1660     0.0414     0.0017
leverage        1.3859     0.1002     0.0100
TB              0.0277     0.0414     0.0017
R_dc            1.0000     0.0000     0.0000



VARIANCE DECOMPOSITION (in percent)
                 varepsilon_R      varepsilon_A  varepsilon_Rstar  varepsilon_Ystar            eps_Rc               vol
logY                     7.83             79.50             12.67              0.00              0.00              0.00
logPi                   57.71             25.71             16.58              0.00              0.00              0.00
logR                     8.36             20.29             71.35              0.00              0.00              0.00
R                        8.36             20.29             71.35              0.00              0.00              0.00
logI                     5.54             29.01             65.46              0.00              0.00              0.00
logL                    35.47              7.00             57.53              0.00              0.00              0.00
logC                     3.47             34.98             61.55              0.00              0.00              0.00
logEX                    1.02              9.31             89.67              0.00              0.00              0.00
logM                     2.99              0.63             96.38              0.00              0.00              0.00
logD                     0.90              0.30             98.80              0.00              0.00              0.00
logD_star                6.82              0.24             92.95              0.00              0.00              0.00
logN                     3.05              0.88             96.07              0.00              0.00              0.00
spread                   3.46              0.25             96.30              0.00              0.00              0.00
logm                     3.47             34.98             61.55              0.00              0.00              0.00
leverage                 2.39              0.02             97.58              0.00              0.00              0.00
TB                       0.36              2.68             96.96              0.00              0.00              0.00
R_dc                    22.46              4.13             73.41              0.00              0.00              0.00



MATRIX OF CORRELATIONS
Variables         logY      logPi       logR          R       logI       logL       logC      logEX       logM       logD  logD_star       logN     spread       logm   leverage         TB
logY            1.0000    -0.2069    -0.7677    -0.7677     0.7904    -0.1330     0.8566    -0.0267     0.3807     0.4143    -0.2127     0.4507    -0.4032     0.8566    -0.3742    -0.2086
logPi          -0.2069     1.0000     0.2226     0.2226    -0.3149     0.8695    -0.3488     0.3396    -0.2207    -0.3614     0.2365    -0.3359     0.3169    -0.3488     0.3319     0.2858
logR           -0.7677     0.2226     1.0000     1.0000    -0.9698     0.4382    -0.9678     0.6371    -0.8797    -0.8704     0.3000    -0.8942     0.8747    -0.9678     0.8575     0.7749
R              -0.7677     0.2226     1.0000     1.0000    -0.9698     0.4382    -0.9678     0.6371    -0.8797    -0.8704     0.3000    -0.8942     0.8747    -0.9678     0.8575     0.7749
logI            0.7904    -0.3149    -0.9698    -0.9698     1.0000    -0.4414     0.9408    -0.5702     0.8063     0.8090    -0.1573     0.8527    -0.8428     0.9408    -0.8120    -0.7033
logL           -0.1330     0.8695     0.4382     0.4382    -0.4414     1.0000    -0.4985     0.7318    -0.5973    -0.7076     0.4782    -0.6589     0.6425    -0.4985     0.6758     0.6784
logC            0.8566    -0.3488    -0.9678    -0.9678     0.9408    -0.4985     1.0000    -0.5338     0.7899     0.8210    -0.4182     0.8317    -0.7943     1.0000    -0.7851    -0.6764
logEX          -0.0267     0.3396     0.6371     0.6371    -0.5702     0.7318    -0.5338     1.0000    -0.9177    -0.9082     0.3626    -0.8811     0.8951    -0.5338     0.9157     0.9791
logM            0.3807    -0.2207    -0.8797    -0.8797     0.8063    -0.5973     0.7899    -0.9177     1.0000     0.9771    -0.3881     0.9704    -0.9692     0.7899    -0.9747    -0.9794
logD            0.4143    -0.3614    -0.8704    -0.8704     0.8090    -0.7076     0.8210    -0.9082     0.9771     1.0000    -0.4629     0.9902    -0.9805     0.8210    -0.9915    -0.9628
logD_star      -0.2127     0.2365     0.3000     0.3000    -0.1573     0.4782    -0.4182     0.3626    -0.3881    -0.4629     1.0000    -0.3518     0.2899    -0.4182     0.3576     0.3834
logN            0.4507    -0.3359    -0.8942    -0.8942     0.8527    -0.6589     0.8317    -0.8811     0.9704     0.9902    -0.3518     1.0000    -0.9962     0.8317    -0.9963    -0.9456
spread         -0.4032     0.3169     0.8747     0.8747    -0.8428     0.6425    -0.7943     0.8951    -0.9692    -0.9805     0.2899    -0.9962     1.0000    -0.7943     0.9965     0.9521
logm            0.8566    -0.3488    -0.9678    -0.9678     0.9408    -0.4985     1.0000    -0.5338     0.7899     0.8210    -0.4182     0.8317    -0.7943     1.0000    -0.7851    -0.6764
leverage       -0.3742     0.3319     0.8575     0.8575    -0.8120     0.6758    -0.7851     0.9157    -0.9747    -0.9915     0.3576    -0.9963     0.9965    -0.7851     1.0000     0.9654
TB             -0.2086     0.2858     0.7749     0.7749    -0.7033     0.6784    -0.6764     0.9791    -0.9794    -0.9628     0.3834    -0.9456     0.9521    -0.6764     0.9654     1.0000



COEFFICIENTS OF AUTOCORRELATION
Order             1       2       3       4       5
logY         0.9088  0.8293  0.7587  0.6955  0.6385
logPi        0.5627  0.3514  0.2459  0.1903  0.1584
logR         0.8759  0.7834  0.7089  0.6458  0.5907
R            0.8759  0.7834  0.7089  0.6458  0.5907
logI         0.8880  0.7932  0.7103  0.6367  0.5706
logL         0.7497  0.6172  0.5407  0.4915  0.4560
logC         0.9203  0.8521  0.7919  0.7380  0.6892
logEX        0.9193  0.8439  0.7746  0.7114  0.6538
logM         0.8928  0.8094  0.7401  0.6803  0.6274
logD         0.9360  0.8773  0.8231  0.7729  0.7264
logD_star    0.9956  0.9891  0.9813  0.9722  0.9622
logN         0.9287  0.8636  0.8037  0.7483  0.6970
spread       0.9235  0.8536  0.7893  0.7300  0.6752
logm         0.9203  0.8521  0.7919  0.7380  0.6892
leverage     0.9306  0.8662  0.8065  0.7510  0.6995
TB           0.9120  0.8350  0.7664  0.7049  0.6493
Total computing time : 0h00m01s
