Starting Dynare (version 5.1).
Calling Dynare with arguments: none
Starting preprocessing of the model file ...
Found 48 equation(s).
Evaluating expressions...done
Computing static model derivatives (order 1).
Computing dynamic model derivatives (order 1).
Processing outputs ...
done
Preprocessing completed.


STEADY-STATE RESULTS:

mc       		 0.888889
Pi       		 1
Z        		 0.0396056
w        		 5.02453
R        		 1.015
epsilon  		 1.06538
Q        		 1
Y        		 2.81485
M        		 0.422738
L        		 0.258947
C        		 1.94939
I        		 0.379051
K        		 18.9526
EX       		 0.474259
N        		 3.64679
K_b      		 14.5872
K_h      		 4.36539
D        		 7.97293
D_star   		 1.7132
x        		 0.125124
psi      		 1.604
phi      		 4
upsilon  		 1.56776
mu       		 0.00711379
mu_star  		 0.00295844
A        		 1
R_star   		 1.01308
Y_star   		 0.445154
Phi      		 0
Theta    		 0.401
chi_h    		 0.00990409
chi_b    		 0.00224951
Ynet     		 2.35232
P_c      		 1
R_dc     		 1
theta_c  		 1
cryp     		 1.1445
DC       		 1.96705
m        		 1.9536
R_c      		 1
Lambda   		 0.985222
gam      		 0.029648
trs      		 0.498284
Lambda1  		 0.997495
sigma_Rc 		 0
mu_cryp  		 0.0231689
x_c      		 0.078459
DE       		 1

EIGENVALUES:
         Modulus             Real        Imaginary

        1.94e-16         1.94e-16                0
       2.098e-16       -2.098e-16                0
       8.859e-16        8.859e-16                0
       3.664e-08       -3.664e-08                0
       3.664e-08        3.664e-08                0
          0.4485           0.4485                0
             0.9              0.9                0
             0.9              0.9                0
             0.9              0.9                0
          0.9346           0.9346                0
            0.95             0.95                0
            0.95             0.95                0
          0.9752           0.9752                0
          0.9853           0.9853                0
           1.026            1.026                0
           1.043            1.043                0
           1.074            1.074                0
           1.156            1.156                0
           1.623            1.623                0
       4.478e+16       -4.478e+16                0
             Inf             -Inf                0


There are 7 eigenvalue(s) larger than 1 in modulus 
for 7 forward-looking variable(s)

The rank condition is verified.

MODEL_DIAGNOSTICS:  The Jacobian of the static model is singular
MODEL_DIAGNOSTICS:  there is 2 colinear relationships between the variables and the equations
Relation 1
Colinear variables:
Z
w
epsilon
Y
M
L
C
I
K
EX
N
K_b
K_h
D
D_star
x
psi
phi
upsilon
mu
mu_star
R_star
Y_star
chi_h
chi_b
Ynet
cryp
DC
m
gam
Lambda1
mu_cryp
x_c
Relation 2
Colinear variables:
Z
w
epsilon
Y
M
L
C
I
K
EX
N
K_b
K_h
D
D_star
x
psi
phi
upsilon
mu
mu_star
R_star
Y_star
chi_h
chi_b
Ynet
cryp
DC
m
gam
trs
Lambda1
mu_cryp
x_c
Relation 1
Colinear equations
    47

Relation 2
Colinear equations
    46

MODEL_DIAGNOSTICS:  The presence of a singularity problem typically indicates that there is one
MODEL_DIAGNOSTICS:  redundant equation entered in the model block, while another non-redundant equation
MODEL_DIAGNOSTICS:  is missing. The problem often derives from Walras Law.

MODEL SUMMARY

  Number of variables:         48
  Number of stochastic shocks: 6
  Number of state variables:   14
  Number of jumpers:           7
  Number of static variables:  28


MATRIX OF COVARIANCE OF EXOGENOUS SHOCKS
Variables               varepsilon_R      varepsilon_A  varepsilon_Rstar  varepsilon_Ystar            eps_Rc               vol
varepsilon_R                0.000006          0.000000          0.000000          0.000000          0.000000          0.000000
varepsilon_A                0.000000          0.000100          0.000000          0.000000          0.000000          0.000000
varepsilon_Rstar            0.000000          0.000000          0.000006          0.000000          0.000000          0.000000
varepsilon_Ystar            0.000000          0.000000          0.000000          0.000000          0.000000          0.000000
eps_Rc                      0.000000          0.000000          0.000000          0.000000          0.000000          0.000000
vol                         0.000000          0.000000          0.000000          0.000000          0.000000          0.000000

POLICY AND TRANSITION FUNCTIONS
                                Ynet               C               I              EX               M          D_star               D         epsilon               Q               N              Pi               R             R_c             P_c            cryp              DC               m
Constant                    2.352324        1.949391        0.379051        0.474259        0.422738        1.713197        7.972928        1.065381        1.000000        3.646794        1.000000        1.015000        1.000000        1.000000        1.144496        1.967055        1.953598
R(-1)                      -7.689143       -8.773514       -1.311876       -0.778861       -2.286008       -2.286008      -63.322593       -1.749642       -2.307298      -48.592232       -1.025263        0.325355               0               0       -1.238566       -8.815425       -8.831168
K(-1)                       0.026587        0.027912       -0.012232        0.010596       -0.009737       -0.009737       -0.348058        0.023803       -0.021514       -0.390763       -0.004194       -0.000172               0               0        0.002200        0.028111        0.028028
K_b(-1)                     0.017427        0.005824        0.013815       -0.000322        0.002061        0.002061        1.668169       -0.000723        0.024298        1.294780        0.000500        0.000141               0               0       -0.000396        0.005898        0.005815
D(-1)                      -0.017349       -0.005798       -0.013753        0.000320       -0.002052       -0.002052       -1.660634        0.000719       -0.024188       -1.288932       -0.000498       -0.000141               0               0        0.000394       -0.005872       -0.005789
D_star(-1)                 -0.091527       -0.100352       -0.031983        0.021709       -0.037277        0.975807       -3.577389        0.048768       -0.056250       -1.896590       -0.002156        0.002000               0               0       -0.010266       -0.100979       -0.100860
A(-1)                       1.804073        0.778146        0.477763        0.432235       -0.494093       -0.494093       10.583673        0.970978        0.840278        7.218656       -0.278505       -0.046262               0               0        0.218707        0.777743        0.787505
R_star(-1)                 -2.957401       -3.836215       -1.596041        2.488699       -2.205344       -0.492147      -70.226260        5.590642       -2.807079      -44.206783        0.526148        0.511831               0               0       -1.998131       -3.799405       -3.918221
Y_star(-1)                  1.305627        0.909639        0.063773        0.735718        0.577627       -0.322373        5.673787       -0.501231        0.112163        3.639413        0.093922        0.005667               0               0       -0.017743        0.919517        0.909917
P_c(-1)                     0.015556        0.002327        0.015934       -0.003403        0.002378        0.002378        6.580877       -0.007645        0.028024        0.390573        0.000003       -0.000436       -1.000000               0       -3.636005        0.002285        0.002397
theta_c(-1)                -0.000447       -0.001158        0.000274       -0.000215       -0.000420       -0.000420        0.775042       -0.000482        0.000482        0.005562       -0.000110       -0.000068       -0.154393       -0.154393       -0.561391       -0.001179       -0.001149
cryp(-1)                   -0.017092       -0.005712       -0.013549        0.000315       -0.002021       -0.002021       -1.636092        0.000709       -0.023830       -1.269884       -0.000491       -0.000139               0               0        0.000388       -0.005785       -0.005703
R_c(-1)                    -0.019562       -0.006538       -0.015507        0.000361       -0.002313       -0.002313       -1.872501        0.000811       -0.027274       -1.453377       -0.000562       -0.000159               0               0        0.000444       -0.006621       -0.006527
epsilon(-1)                 0.539677        0.623643        0.086019        0.055832        0.162191        0.162191        3.592541        0.125421        0.151288        2.748634        0.072979       -0.023327               0               0        0.088721        0.626596        0.627767
varepsilon_R               -9.582699      -11.073612       -1.527382       -0.991371       -2.879925       -2.879925      -63.790401       -2.227026       -2.686324      -48.805693       -1.295839        0.414198               0               0       -1.575356      -11.126054      -11.146852
varepsilon_A                2.004525        0.864607        0.530848        0.480261       -0.548992       -0.548992       11.759637        1.078864        0.933642        8.020729       -0.309450       -0.051402               0               0        0.243008        0.864159        0.875005
varepsilon_Rstar           -3.114025       -4.073902       -1.713284        2.724430       -2.380339       -2.380339      -71.307384        6.120190       -3.013285      -45.555019        0.588660        0.564943               0               0       -2.200856       -4.031824       -4.164067
varepsilon_Ystar            1.450696        1.010710        0.070859        0.817464        0.641807       -0.358193        6.304208       -0.556923        0.124625        4.043793        0.104358        0.006297               0               0       -0.019714        1.021685        1.011019
vol                        -0.000470       -0.001219        0.000289       -0.000226       -0.000442       -0.000442        0.815833       -0.000508        0.000508        0.005855       -0.000116       -0.000071       -0.162519       -0.162519       -0.590938       -0.001241       -0.001210


THEORETICAL MOMENTS
VARIABLE         MEAN  STD. DEV.   VARIANCE
Ynet           2.3523     0.0982     0.0096
C              1.9494     0.0871     0.0076
I              0.3791     0.0194     0.0004
EX             0.4743     0.0215     0.0005
M              0.4227     0.0181     0.0003
D_star         1.7132     0.1716     0.0294
D              7.9729     0.6526     0.4259
epsilon        1.0654     0.0483     0.0023
Q              1.0000     0.0340     0.0012
N              3.6468     0.4695     0.2205
Pi             1.0000     0.0056     0.0000
R              1.0150     0.0048     0.0000
R_c            1.0000     0.0000     0.0000
P_c            1.0000     0.0000     0.0000
cryp           1.1445     0.0195     0.0004
DC             1.9671     0.0874     0.0076
m              1.9536     0.0879     0.0077



VARIANCE DECOMPOSITION (in percent)
               varepsilon_R      varepsilon_A  varepsilon_Rstar  varepsilon_Ystar            eps_Rc               vol
Ynet                   7.74             84.12              8.14              0.00              0.00              0.00
C                     12.51             72.24             15.25              0.00              0.00              0.00
I                      6.64             66.12             27.24              0.00              0.00              0.00
EX                     3.22             56.09             40.69              0.00              0.00              0.00
M                     20.33             11.17             68.50              0.00              0.00              0.00
D_star                18.98              4.59             76.42              0.00              0.00              0.00
D                     28.73             33.31             37.95              0.00              0.00              0.00
epsilon                3.22             56.09             40.69              0.00              0.00              0.00
Q                      6.64             66.12             27.24              0.00              0.00              0.00
N                     43.04             21.43             35.53              0.00              0.00              0.00
Pi                    41.35             40.70             17.96              0.00              0.00              0.00
R                      5.62             38.47             55.91              0.00              0.00              0.00
R_c                    0.00              0.00              0.00              0.00              0.00            100.00
P_c                    0.00              0.00              0.00              0.00              0.00            100.00
cryp                   5.01             42.96             52.03              0.00              0.00              0.00
DC                    12.57             72.42             15.01              0.00              0.00              0.00
m                     12.45             72.06             15.49              0.00              0.00              0.00



MATRIX OF CORRELATIONS
Variables       Ynet        C        I       EX        M   D_star        D  epsilon        Q        N       Pi        R     cryp       DC        m
Ynet          1.0000   0.9812   0.9254   0.5695   0.3048  -0.0075   0.7940   0.5695   0.9254   0.7045  -0.2552  -0.8421   0.8644   0.9814   0.9809
C             0.9812   1.0000   0.9173   0.4463   0.4702   0.0085   0.8273   0.4463   0.9173   0.7314  -0.1669  -0.8953   0.9108   1.0000   1.0000
I             0.9254   0.9173   1.0000   0.3036   0.4552   0.0448   0.8835   0.3036   1.0000   0.8088  -0.4075  -0.9245   0.9352   0.9164   0.9181
EX            0.5695   0.4463   0.3036   1.0000  -0.5202  -0.0999   0.1218   1.0000   0.3036   0.1093   0.0466  -0.0528   0.0928   0.4490   0.4436
M             0.3048   0.4702   0.4552  -0.5202   1.0000   0.1162   0.5902  -0.5202   0.4552   0.5366   0.1381  -0.6895   0.6594   0.4682   0.4721
D_star       -0.0075   0.0085   0.0448  -0.0999   0.1162   1.0000   0.1434  -0.0999   0.0448   0.4029  -0.0088  -0.1887   0.1639   0.0072   0.0099
D             0.7940   0.8273   0.8835   0.1218   0.5902   0.1434   1.0000   0.1218   0.8835   0.9563  -0.2559  -0.8697   0.8723   0.8263   0.8283
epsilon       0.5695   0.4463   0.3036   1.0000  -0.5202  -0.0999   0.1218   1.0000   0.3036   0.1093   0.0466  -0.0528   0.0928   0.4490   0.4436
Q             0.9254   0.9173   1.0000   0.3036   0.4552   0.0448   0.8835   0.3036   1.0000   0.8088  -0.4075  -0.9245   0.9352   0.9164   0.9181
N             0.7045   0.7314   0.8088   0.1093   0.5366   0.4029   0.9563   0.1093   0.8088   1.0000  -0.1970  -0.8048   0.8002   0.7303   0.7326
Pi           -0.2552  -0.1669  -0.4075   0.0466   0.1381  -0.0088  -0.2559   0.0466  -0.4075  -0.1970   1.0000   0.3532  -0.3696  -0.1651  -0.1688
R            -0.8421  -0.8953  -0.9245  -0.0528  -0.6895  -0.1887  -0.8697  -0.0528  -0.9245  -0.8048   0.3532   1.0000  -0.9987  -0.8937  -0.8968
cryp          0.8644   0.9108   0.9352   0.0928   0.6594   0.1639   0.8723   0.0928   0.9352   0.8002  -0.3696  -0.9987   1.0000   0.9093   0.9122
DC            0.9814   1.0000   0.9164   0.4490   0.4682   0.0072   0.8263   0.4490   0.9164   0.7303  -0.1651  -0.8937   0.9093   1.0000   1.0000
m             0.9809   1.0000   0.9181   0.4436   0.4721   0.0099   0.8283   0.4436   0.9181   0.7326  -0.1688  -0.8968   0.9122   1.0000   1.0000



COEFFICIENTS OF AUTOCORRELATION
Order           1       2       3       4       5
Ynet       0.9303  0.8608  0.7950  0.7340  0.6782
C          0.9076  0.8311  0.7650  0.7064  0.6539
I          0.9094  0.8183  0.7321  0.6527  0.5806
EX         0.9111  0.8283  0.7523  0.6832  0.6206
M          0.7618  0.6177  0.5197  0.4457  0.3857
D_star     0.9973  0.9921  0.9854  0.9775  0.9689
D          0.9116  0.8316  0.7592  0.6935  0.6340
epsilon    0.9111  0.8283  0.7523  0.6832  0.6206
Q          0.9094  0.8183  0.7321  0.6527  0.5806
N          0.9186  0.8453  0.7789  0.7186  0.6636
Pi         0.5334  0.3161  0.2114  0.1579  0.1281
R          0.9133  0.8310  0.7549  0.6854  0.6224
cryp       0.9180  0.8382  0.7636  0.6951  0.6328
DC         0.9075  0.8310  0.7649  0.7064  0.6539
m          0.9078  0.8313  0.7651  0.7065  0.6538
Total computing time : 0h00m05s
