Starting Dynare (version 5.1).
Calling Dynare with arguments: none
Starting preprocessing of the model file ...
Found 50 equation(s).
Evaluating expressions...done
Computing static model derivatives (order 1).
Computing dynamic model derivatives (order 1).
Processing outputs ...
done
Preprocessing completed.


STEADY-STATE RESULTS:

mc       		 0.888889
Pi       		 1
Z        		 0.0396056
w        		 5.02453
R        		 1.015
epsilon  		 1.06538
Q        		 1
Y        		 2.81485
M        		 0.422738
L        		 0.258947
C        		 1.94939
I        		 0.379051
K        		 18.9526
EX       		 0.474259
N        		 3.64679
K_b      		 14.5872
K_h      		 4.36539
D        		 7.97293
D_star   		 1.7132
x        		 0.125124
psi      		 1.604
phi      		 4
upsilon  		 1.56776
mu       		 0.00711379
mu_star  		 0.00295844
A        		 1
R_star   		 1.01308
Y_star   		 0.445154
Phi      		 0
Theta    		 0.401
chi_h    		 0.00990409
chi_b    		 0.00224951
Ynet     		 2.35232
P_c      		 1
R_dc     		 1
P_dc     		 0.2862
theta_c  		 1
cryp     		 1.1445
DC       		 1.96705
DC_sup   		 0.562971
m        		 1.9536
R_c      		 1
Lambda   		 0.985222
gam      		 0.029648
trs      		 0.498284
Lambda1  		 0.997495
sigma_Rc 		 0
mu_cryp  		 0.0231689
x_c      		 0.078459
DE       		 1

EIGENVALUES:
         Modulus             Real        Imaginary

       6.731e-16       -6.731e-16                0
       2.743e-15       -2.743e-15                0
        3.49e-15         3.49e-15                0
       1.308e-08       -1.308e-08                0
       1.308e-08        1.308e-08                0
          0.4618           0.4618                0
          0.7161           0.7161                0
             0.9              0.9                0
             0.9              0.9                0
             0.9              0.9                0
          0.9345           0.9345                0
            0.95             0.95                0
            0.95             0.95                0
          0.9752           0.9752                0
          0.9853           0.9853                0
           1.026            1.026                0
           1.043            1.043                0
           1.074            1.074                0
           1.158            1.158                0
           1.603            1.603                0
       4.433e+16        4.433e+16                0
       1.843e+18       -1.843e+18                0


There are 7 eigenvalue(s) larger than 1 in modulus 
for 7 forward-looking variable(s)

The rank condition is verified.

MODEL_DIAGNOSTICS:  The Jacobian of the static model is singular
MODEL_DIAGNOSTICS:  there is 2 colinear relationships between the variables and the equations
Relation 1
Colinear variables:
Z
w
epsilon
Y
M
L
C
I
K
EX
N
K_b
K_h
D
D_star
x
psi
phi
upsilon
mu
mu_star
R_star
Y_star
chi_h
chi_b
Ynet
P_dc
cryp
DC
DC_sup
m
gam
trs
Lambda1
mu_cryp
x_c
Relation 2
Colinear variables:
Z
w
epsilon
Y
M
L
C
I
K
EX
N
K_b
K_h
D
D_star
x
psi
phi
upsilon
mu
mu_star
R_star
Y_star
chi_h
chi_b
Ynet
P_dc
cryp
DC
DC_sup
m
gam
trs
Lambda1
mu_cryp
x_c
Relation 1
Colinear equations
    48

Relation 2
Colinear equations
    49

MODEL_DIAGNOSTICS:  The presence of a singularity problem typically indicates that there is one
MODEL_DIAGNOSTICS:  redundant equation entered in the model block, while another non-redundant equation
MODEL_DIAGNOSTICS:  is missing. The problem often derives from Walras Law.

MODEL SUMMARY

  Number of variables:         50
  Number of stochastic shocks: 6
  Number of state variables:   15
  Number of jumpers:           7
  Number of static variables:  29


MATRIX OF COVARIANCE OF EXOGENOUS SHOCKS
Variables               varepsilon_R      varepsilon_A  varepsilon_Rstar  varepsilon_Ystar            eps_Rc               vol
varepsilon_R                0.000006          0.000000          0.000000          0.000000          0.000000          0.000000
varepsilon_A                0.000000          0.000100          0.000000          0.000000          0.000000          0.000000
varepsilon_Rstar            0.000000          0.000000          0.000006          0.000000          0.000000          0.000000
varepsilon_Ystar            0.000000          0.000000          0.000000          0.000000          0.000000          0.000000
eps_Rc                      0.000000          0.000000          0.000000          0.000000          0.000000          0.000000
vol                         0.000000          0.000000          0.000000          0.000000          0.000000          0.000000

POLICY AND TRANSITION FUNCTIONS
                                Ynet               C               I              EX               M          D_star               D         epsilon               Q               N              Pi               R             R_c             P_c            cryp              DC               m
Constant                    2.352324        1.949391        0.379051        0.474259        0.422738        1.713197        7.972928        1.065381        1.000000        3.646794        1.000000        1.015000        1.000000        1.000000        1.144496        1.967055        1.953598
R(-1)                      -7.399959       -8.360312       -1.320973       -0.783070       -2.178338       -2.178338      -63.425430       -1.759098       -2.323297      -48.542768       -1.011898        0.329698               0               0       -1.254887       -7.451542       -9.392554
K(-1)                       0.025994        0.026982       -0.012168        0.010667       -0.009989       -0.009989       -0.347226        0.023963       -0.021401       -0.390513       -0.004283       -0.000195               0               0        0.002296        0.023483        0.030896
K_b(-1)                     0.017273        0.005600        0.013822       -0.000316        0.002002        0.002002        1.668250       -0.000709        0.024309        1.294773        0.000492        0.000139               0               0       -0.000386        0.005061        0.006219
D(-1)                      -0.017195       -0.005574       -0.013759        0.000314       -0.001993       -0.001993       -1.660714        0.000706       -0.024199       -1.288924       -0.000490       -0.000139               0               0        0.000384       -0.005038       -0.006191
D_star(-1)                 -0.085910       -0.092076       -0.032296        0.021432       -0.035088        0.977996       -3.581239        0.048144       -0.056801       -1.896691       -0.001716        0.002125               0               0       -0.010765       -0.068692       -0.117224
A(-1)                       1.878826        0.884850        0.475453        0.431259       -0.466318       -0.466318       10.557931        0.968785        0.836215        7.232185       -0.275037       -0.045120               0               0        0.214445        1.127160        0.645405
R_star(-1)                 -2.647443       -3.380413       -1.613475        2.475140       -2.085455       -0.372259      -70.434631        5.560184       -2.837742      -44.202237        0.552649        0.519773               0               0       -2.028784       -2.072383       -4.766719
Y_star(-1)                  1.344874        0.967541        0.061397        0.733960        0.592824       -0.307176        5.645780       -0.505178        0.107983        3.639869        0.097712        0.006827               0               0       -0.022154        1.139224        0.801803
P_c(-1)                     0.015302        0.001960        0.015944       -0.003395        0.002282        0.002282        6.580998       -0.007628        0.028041        0.390552       -0.000010       -0.000440       -1.000000               0       -3.635990        0.000967        0.003006
P_dc(-1)                   -0.970015       -1.437081        0.057975        0.054712       -0.381399       -0.381399        0.707436        0.122907        0.101964        0.040833       -0.081467       -0.022743               0               0        0.092814       -5.887522        3.130994
theta_c(-1)                -0.000489       -0.001221        0.000277       -0.000212       -0.000437       -0.000437        0.775073       -0.000477        0.000487        0.005565       -0.000114       -0.000069       -0.154393       -0.154393       -0.561387       -0.001424       -0.001025
cryp(-1)                   -0.016941       -0.005492       -0.013556        0.000310       -0.001963       -0.001963       -1.636172        0.000696       -0.023842       -1.269876       -0.000482       -0.000137               0               0        0.000379       -0.004963       -0.006100
R_c(-1)                    -0.019389       -0.006286       -0.015515        0.000354       -0.002247       -0.002247       -1.872592        0.000796       -0.027287       -1.453368       -0.000552       -0.000156               0               0        0.000433       -0.005681       -0.006981
epsilon(-1)                 0.519101        0.594243        0.086665        0.056129        0.154531        0.154531        3.599844        0.126090        0.152425        2.745104        0.072029       -0.023636               0               0        0.089882        0.529610        0.667654
varepsilon_R               -9.217331      -10.551591       -1.538858       -0.996653       -2.743908       -2.743908      -63.920068       -2.238892       -2.706508      -48.743011       -1.278966        0.419685               0               0       -1.595969       -9.403936      -11.855102
varepsilon_A                2.087584        0.983167        0.528281        0.479177       -0.518131       -0.518131       11.731035        1.076428        0.929128        8.035761       -0.305597       -0.050134               0               0        0.238272        1.252400        0.717117
varepsilon_Rstar           -2.780181       -3.583006       -1.732067        2.709887       -2.251243       -2.251243      -71.531674        6.087520       -3.046320      -45.549779        0.617279        0.573533               0               0       -2.233978       -2.173578       -5.076095
varepsilon_Ystar            1.494304        1.075046        0.068219        0.815511        0.658693       -0.341307        6.273089       -0.561309        0.119982        4.044299        0.108569        0.007585               0               0       -0.024616        1.265804        0.890892
vol                        -0.000515       -0.001285        0.000291       -0.000224       -0.000460       -0.000460        0.815867       -0.000502        0.000512        0.005858       -0.000120       -0.000072       -0.162519       -0.162519       -0.590934       -0.001499       -0.001079


THEORETICAL MOMENTS
VARIABLE         MEAN  STD. DEV.   VARIANCE
Ynet           2.3523     0.0979     0.0096
C              1.9494     0.0865     0.0075
I              0.3791     0.0194     0.0004
EX             0.4743     0.0215     0.0005
M              0.4227     0.0177     0.0003
D_star         1.7132     0.1695     0.0287
D              7.9729     0.6535     0.4270
epsilon        1.0654     0.0483     0.0023
Q              1.0000     0.0341     0.0012
N              3.6468     0.4688     0.2198
Pi             1.0000     0.0056     0.0000
R              1.0150     0.0049     0.0000
R_c            1.0000     0.0000     0.0000
P_c            1.0000     0.0000     0.0000
cryp           1.1445     0.0196     0.0004
DC             1.9671     0.0848     0.0072
m              1.9536     0.0896     0.0080



VARIANCE DECOMPOSITION (in percent)
               varepsilon_R      varepsilon_A  varepsilon_Rstar  varepsilon_Ystar            eps_Rc               vol
Ynet                   7.35             84.62              8.03              0.00              0.00              0.00
C                     11.77             73.16             15.07              0.00              0.00              0.00
I                      6.65             65.87             27.48              0.00              0.00              0.00
EX                     3.19             56.32             40.49              0.00              0.00              0.00
M                     19.67             10.53             69.81              0.00              0.00              0.00
D_star                18.98              4.53             76.49              0.00              0.00              0.00
D                     28.64             33.26             38.10              0.00              0.00              0.00
epsilon                3.19             56.32             40.49              0.00              0.00              0.00
Q                      6.65             65.87             27.48              0.00              0.00              0.00
N                     42.92             21.67             35.41              0.00              0.00              0.00
Pi                    40.91             40.38             18.71              0.00              0.00              0.00
R                      5.70             38.08             56.23              0.00              0.00              0.00
R_c                    0.00              0.00              0.00              0.00              0.00            100.00
P_c                    0.00              0.00              0.00              0.00              0.00            100.00
cryp                   5.08             42.56             52.36              0.00              0.00              0.00
DC                    10.30             75.27             14.43              0.00              0.00              0.00
m                     13.27             70.58             16.15              0.00              0.00              0.00



MATRIX OF CORRELATIONS
Variables       Ynet        C        I       EX        M   D_star        D  epsilon        Q        N       Pi        R     cryp       DC        m
Ynet          1.0000   0.9823   0.9240   0.5760   0.2955  -0.0071   0.7921   0.5760   0.9240   0.7050  -0.2662  -0.8365   0.8594   0.9871   0.9721
C             0.9823   1.0000   0.9186   0.4576   0.4563   0.0088   0.8270   0.4576   0.9186   0.7332  -0.1833  -0.8915   0.9078   0.9971   0.9973
I             0.9240   0.9186   1.0000   0.3023   0.4606   0.0416   0.8841   0.3023   1.0000   0.8102  -0.4113  -0.9241   0.9350   0.9143   0.9177
EX            0.5760   0.4576   0.3023   1.0000  -0.5228  -0.0969   0.1216   1.0000   0.3023   0.1111   0.0491  -0.0492   0.0894   0.4886   0.4249
M             0.2955   0.4563   0.4606  -0.5228   1.0000   0.1145   0.5955  -0.5228   0.4606   0.5409   0.1205  -0.6969   0.6669   0.4154   0.4936
D_star       -0.0071   0.0088   0.0416  -0.0969   0.1145   1.0000   0.1406  -0.0969   0.0416   0.3976  -0.0082  -0.1828   0.1586   0.0173   0.0005
D             0.7921   0.8270   0.8841   0.1216   0.5955   0.1406   1.0000   0.1216   0.8841   0.9571  -0.2604  -0.8701   0.8728   0.8202   0.8291
epsilon       0.5760   0.4576   0.3023   1.0000  -0.5228  -0.0969   0.1216   1.0000   0.3023   0.1111   0.0491  -0.0492   0.0894   0.4886   0.4249
Q             0.9240   0.9186   1.0000   0.3023   0.4606   0.0416   0.8841   0.3023   1.0000   0.8102  -0.4113  -0.9241   0.9350   0.9143   0.9177
N             0.7050   0.7332   0.8102   0.1111   0.5409   0.3976   0.9571   0.1111   0.8102   1.0000  -0.2012  -0.8046   0.8004   0.7300   0.7322
Pi           -0.2662  -0.1833  -0.4113   0.0491   0.1205  -0.0082  -0.2604   0.0491  -0.4113  -0.2012   1.0000   0.3569  -0.3733  -0.2041  -0.1621
R            -0.8365  -0.8915  -0.9241  -0.0492  -0.6969  -0.1828  -0.8701  -0.0492  -0.9241  -0.8046   0.3569   1.0000  -0.9987  -0.8772  -0.9004
cryp          0.8594   0.9078   0.9350   0.0894   0.6669   0.1586   0.8728   0.0894   0.9350   0.8004  -0.3733  -0.9987   1.0000   0.8954   0.9149
DC            0.9871   0.9971   0.9143   0.4886   0.4154   0.0173   0.8202   0.4886   0.9143   0.7300  -0.2041  -0.8772   0.8954   1.0000   0.9888
m             0.9721   0.9973   0.9177   0.4249   0.4936   0.0005   0.8291   0.4249   0.9177   0.7322  -0.1621  -0.9004   0.9149   0.9888   1.0000



COEFFICIENTS OF AUTOCORRELATION
Order           1       2       3       4       5
Ynet       0.9329  0.8646  0.7992  0.7383  0.6824
C          0.9152  0.8416  0.7764  0.7179  0.6649
I          0.9093  0.8178  0.7311  0.6514  0.5791
EX         0.9118  0.8295  0.7540  0.6852  0.6227
M          0.7782  0.6385  0.5405  0.4650  0.4031
D_star     0.9975  0.9925  0.9860  0.9783  0.9699
D          0.9115  0.8313  0.7587  0.6929  0.6333
epsilon    0.9118  0.8295  0.7540  0.6852  0.6227
Q          0.9093  0.8178  0.7311  0.6514  0.5791
N          0.9184  0.8449  0.7783  0.7178  0.6628
Pi         0.5408  0.3222  0.2149  0.1597  0.1288
R          0.9123  0.8288  0.7516  0.6814  0.6179
cryp       0.9171  0.8362  0.7606  0.6914  0.6286
DC         0.9293  0.8632  0.8017  0.7448  0.6923
m          0.8972  0.8145  0.7448  0.6844  0.6312
Total computing time : 0h00m05s
