Starting Dynare (version 5.1).
Calling Dynare with arguments: none
Starting preprocessing of the model file ...
Found 65 equation(s).
Evaluating expressions...done
Computing static model derivatives (order 1).
Computing dynamic model derivatives (order 1).
Processing outputs ...
done
Preprocessing completed.


STEADY-STATE RESULTS:

mc        		 0.888889
Pi        		 1
Z         		 0.0397073
w         		 5.07395
R         		 1.015
epsilon   		 1.03126
Q         		 1
Y         		 2.92725
M         		 0.454162
L         		 0.266664
C         		 2.04091
I         		 0.393177
K         		 19.6588
EX        		 0.481852
N         		 3.76757
K_b       		 15.0308
K_h       		 4.62805
D         		 9.17507
D_star    		 0.912823
x         		 0.0626287
psi       		 1.5998
phi       		 3.98952
upsilon   		 1.56381
mu        		 0.00725255
mu_star   		 0.00102734
A         		 1
R_star    		 1.01433
Y_star    		 0.467246
Phi       		 0
Theta     		 0.401
chi_h     		 0.0107319
chi_b     		 0.000580716
Ynet      		 2.44758
P_c       		 1
R_dc      		 1
theta_c   		 1
cryp      		 1.14737
DC        		 2.05938
m         		 2.04533
R_c       		 1
Lambda    		 0.985222
gam       		 0.0281296
trs       		 0.498287
Lambda1   		 0.946409
sigma_Rc  		 0
mu_cryp   		 0.0231105
x_c       		 0.0763346
DE        		 1
logY      		 1.07406
logPi     		 0
logR      		 0.0148886
logI      		 -0.933496
logL      		 -1.32177
logC      		 0.713394
logEX     		 -0.730118
logM      		 -0.789301
logD      		 2.21649
logD_star 		 -0.0912138
logN      		 1.32643
spread    		 -5.35864
logDC     		 0.722407
logm      		 0.715557
leverage  		 1.38367
TB        		 0.02769
logcryp   		 0.137471

EIGENVALUES:
         Modulus             Real        Imaginary

       9.994e-17        9.994e-17                0
       1.446e-15        1.446e-15                0
       3.741e-15       -3.741e-15                0
       1.566e-08       -1.566e-08                0
       1.566e-08        1.566e-08                0
          0.4482           0.4482                0
             0.9              0.9                0
             0.9              0.9                0
             0.9              0.9                0
          0.9353           0.9353                0
            0.95             0.95                0
            0.95             0.95                0
          0.9751           0.9751                0
          0.9858           0.9858                0
           1.026            1.026                0
           1.044            1.044                0
           1.073            1.073                0
           1.156            1.156                0
           1.623            1.623                0
             Inf              Inf                0
             Inf              Inf                0


There are 7 eigenvalue(s) larger than 1 in modulus 
for 7 forward-looking variable(s)

The rank condition is verified.

MODEL_DIAGNOSTICS:  The Jacobian of the static model is singular
MODEL_DIAGNOSTICS:  there is 2 colinear relationships between the variables and the equations
Relation 1
Colinear variables:
Z
w
epsilon
Y
M
L
C
I
K
EX
N
K_b
K_h
D
D_star
x
psi
phi
upsilon
mu
mu_star
R_star
Y_star
chi_h
chi_b
Ynet
cryp
DC
m
gam
trs
Lambda1
mu_cryp
x_c
logY
logI
logL
logC
logEX
logM
logD
logD_star
logN
spread
logDC
logm
leverage
TB
logcryp
Relation 2
Colinear variables:
Z
w
epsilon
Y
M
L
C
I
K
EX
N
K_b
K_h
D
D_star
x
psi
phi
upsilon
mu
mu_star
R_star
Y_star
chi_h
chi_b
Ynet
cryp
DC
m
gam
trs
Lambda1
mu_cryp
x_c
logY
logI
logL
logC
logEX
logM
logD
logD_star
logN
spread
logDC
logm
leverage
TB
logcryp
Relation 1
Colinear equations
    46    47

Relation 2
Colinear equations
    46    47

MODEL_DIAGNOSTICS:  The presence of a singularity problem typically indicates that there is one
MODEL_DIAGNOSTICS:  redundant equation entered in the model block, while another non-redundant equation
MODEL_DIAGNOSTICS:  is missing. The problem often derives from Walras Law.

MODEL SUMMARY

  Number of variables:         65
  Number of stochastic shocks: 6
  Number of state variables:   14
  Number of jumpers:           7
  Number of static variables:  45


MATRIX OF COVARIANCE OF EXOGENOUS SHOCKS
Variables               varepsilon_R      varepsilon_A  varepsilon_Rstar  varepsilon_Ystar            eps_Rc               vol
varepsilon_R                0.000006          0.000000          0.000000          0.000000          0.000000          0.000000
varepsilon_A                0.000000          0.000100          0.000000          0.000000          0.000000          0.000000
varepsilon_Rstar            0.000000          0.000000          0.000006          0.000000          0.000000          0.000000
varepsilon_Ystar            0.000000          0.000000          0.000000          0.000000          0.000000          0.000000
eps_Rc                      0.000000          0.000000          0.000000          0.000000          0.000000          0.000000
vol                         0.000000          0.000000          0.000000          0.000000          0.000000          0.000000

POLICY AND TRANSITION FUNCTIONS
                                logY           logPi            logR               R            logI            logL            logC           logEX            logM            logD       logD_star            logN          spread           logDC            logm        leverage              TB         logcryp            R_dc
Constant                    1.074063               0        0.014889        1.015000       -0.933496       -1.321767        0.713394       -0.730118       -0.789301        2.216490       -0.091214        1.326429       -5.358639        0.722407        0.715557        1.383671        0.027690        0.137471        1.000000
R(-1)                      -3.721119       -1.033123        0.314105        0.318817       -3.523100       -5.299425       -4.471638       -1.702470       -5.363431       -7.837126       -2.668501      -14.324530       23.622146       -4.452933       -4.491042        5.595367        1.615529       -1.060429               0
K(-1)                       0.011135       -0.004086       -0.000210       -0.000213       -0.030064       -0.000451        0.014064        0.021013       -0.021614       -0.031923       -0.010754       -0.096285        0.255884        0.014035        0.014095        0.053457        0.019942        0.002011               0
K_b(-1)                     0.002156        0.000660        0.000294        0.000298        0.034020        0.003059        0.002259        0.000937        0.003142        0.180873        0.001563        0.340400       -0.582855        0.002281        0.002236       -0.144572       -0.000975       -0.000885               0
D(-1)                      -0.002146       -0.000657       -0.000292       -0.000297       -0.033863       -0.003045       -0.002248       -0.000933       -0.003127       -0.180038       -0.001556       -0.338829        0.580164       -0.002270       -0.002226        0.143904        0.000971        0.000881               0
D_star(-1)                 -0.031020       -0.002479        0.001591        0.001614       -0.077813       -0.031015       -0.047640        0.041385       -0.082737       -0.372889        1.070040       -0.475355        0.782973       -0.047525       -0.047759        0.197525        0.057517       -0.007477               0
A(-1)                       0.590846       -0.277662       -0.045170       -0.045848        1.281795       -0.190511        0.403925        0.913139       -1.167154        1.396438       -0.580701        2.179951       -2.564265        0.400162        0.407829       -0.745789        0.970075        0.189707               0
R_star(-1)                 -0.719581        0.531336        0.484697        0.491967       -3.591818        0.211402       -1.600197        4.890259       -4.608390       -5.481699       -1.292841       -8.826397       12.238581       -1.565206       -1.636495        3.365879        4.449340       -1.661154               0
Y_star(-1)                  0.554906        0.088541        0.005868        0.005956        0.148478        0.627482        0.428025        1.492737        1.270085        0.515015       -0.354039        0.825759       -1.331906        0.428851        0.427169       -0.354938        0.142454       -0.016973               0
P_c(-1)                     0.000150        0.000204       -0.000240       -0.000244        0.039390       -0.001039        0.000524       -0.005224        0.003838        0.718174        0.001910        0.098683       -0.654814        0.000506        0.000543        0.121679       -0.004260       -3.177607               0
theta_c(-1)                -0.000674       -0.000096       -0.000061       -0.000062        0.000728       -0.000989       -0.000517       -0.000433       -0.000886        0.084824       -0.000441        0.001450       -0.046494       -0.000522       -0.000512        0.013193        0.000194       -0.490532               0
cryp(-1)                   -0.002114       -0.000647       -0.000288       -0.000292       -0.033363       -0.003000       -0.002215       -0.000919       -0.003081       -0.177378       -0.001533       -0.333821        0.571591       -0.002237       -0.002193        0.141778        0.000956        0.000868               0
R_c(-1)                    -0.002426       -0.000743       -0.000331       -0.000336       -0.038279       -0.003442       -0.002542       -0.001054       -0.003535       -0.203518       -0.001759       -0.383016        0.655825       -0.002566       -0.002516        0.162671        0.001097        0.000996               0
epsilon(-1)                 0.273251        0.075824       -0.023382       -0.023732        0.237470        0.389158        0.328585        0.125050        0.393828        0.458382        0.195944        0.831309       -1.356599        0.327189        0.330032       -0.317013       -0.118606        0.078866               0
varepsilon_R               -4.696556       -1.303240        0.401875        0.407903       -4.081561       -6.688727       -5.647605       -2.149313       -6.768989       -7.878521       -3.367818      -14.288276       23.316784       -5.623622       -5.672483        5.448708        2.038568       -1.355522               0
varepsilon_A                0.656496       -0.308514       -0.050189       -0.050942        1.424216       -0.211679        0.448806        1.014599       -1.296838        1.551598       -0.645224        2.422168       -2.849183        0.444625        0.453144       -0.828654        1.077862        0.210786               0
varepsilon_Rstar           -0.768517        0.592852        0.536961        0.545016       -3.913102        0.265903       -1.730361        5.392240       -5.037703       -5.717919       -2.506440       -9.331793       12.815517       -1.691597       -1.770573        3.542357        4.886198       -1.838249               0
varepsilon_Ystar            0.616562        0.098379        0.006520        0.006618        0.164975        0.697202        0.475584        1.658597        1.411206        0.572239       -0.393377        0.917510       -1.479895        0.476501        0.474633       -0.394375        0.158282       -0.018859               0
vol                        -0.000709       -0.000101       -0.000064       -0.000065        0.000767       -0.001041       -0.000544       -0.000456       -0.000933        0.089289       -0.000464        0.001527       -0.048941       -0.000549       -0.000539        0.013887        0.000204       -0.516350               0


THEORETICAL MOMENTS
VARIABLE          MEAN  STD. DEV.   VARIANCE
logY            1.0741     0.0405     0.0016
logPi           0.0000     0.0056     0.0000
logR            0.0149     0.0046     0.0000
R               1.0150     0.0047     0.0000
logI           -0.9335     0.0498     0.0025
logL           -1.3218     0.0323     0.0010
logC            0.7134     0.0439     0.0019
logEX          -0.7301     0.0444     0.0020
logM           -0.7893     0.0406     0.0016
logD            2.2165     0.0754     0.0057
logD_star      -0.0912     0.2922     0.0854
logN            1.3264     0.1253     0.0157
spread         -5.3586     0.1801     0.0324
logDC           0.7224     0.0436     0.0019
logm            0.7156     0.0442     0.0020
leverage        1.3837     0.0463     0.0021
TB              0.0277     0.0344     0.0012
logcryp         0.1375     0.0165     0.0003
R_dc            1.0000     0.0000     0.0000



VARIANCE DECOMPOSITION (in percent)
                 varepsilon_R      varepsilon_A  varepsilon_Rstar  varepsilon_Ystar            eps_Rc               vol
logY                    10.48             84.38              5.14              0.00              0.00              0.00
logPi                   42.01             40.54             17.46              0.00              0.00              0.00
logR                     5.68             40.01             54.31              0.00              0.00              0.00
R                        5.68             40.01             54.31              0.00              0.00              0.00
logI                     7.29             71.58             21.14              0.00              0.00              0.00
logL                    33.41             63.56              3.03              0.00              0.00              0.00
logC                    12.77             75.28             11.95              0.00              0.00              0.00
logEX                    3.62             58.68             37.70              0.00              0.00              0.00
logM                    22.36             12.47             65.17              0.00              0.00              0.00
logD                    33.57             43.50             22.93              0.00              0.00              0.00
logD_star                8.11              2.33             89.55              0.00              0.00              0.00
logN                    52.97             27.88             19.16              0.00              0.00              0.00
spread                  70.73             13.63             15.64              0.00              0.00              0.00
logDC                   12.82             75.43             11.74              0.00              0.00              0.00
logm                    12.71             75.12             12.17              0.00              0.00              0.00
leverage                64.88             17.04             18.09              0.00              0.00              0.00
TB                       4.46             29.67             65.87              0.00              0.00              0.00
logcryp                  5.11             45.18             49.71              0.00              0.00              0.00
R_dc                    42.67             42.98             14.35              0.00              0.00              0.00



MATRIX OF CORRELATIONS
Variables         logY      logPi       logR          R       logI       logL       logC      logEX       logM       logD  logD_star       logN     spread      logDC       logm   leverage         TB    logcryp
logY            1.0000    -0.1675    -0.8132    -0.8132     0.9148     0.9266     0.9874     0.6257     0.2996     0.8052    -0.0609     0.7011    -0.5342     0.9877     0.9871    -0.5849     0.2289     0.8406
logPi          -0.1675     1.0000     0.3444     0.3444    -0.3822     0.2067    -0.1418     0.0255     0.1918    -0.1716    -0.0181    -0.1290     0.0167    -0.1399    -0.1438     0.0755    -0.0869    -0.3601
logR           -0.8132     0.3444     1.0000     1.0000    -0.8988    -0.7192    -0.8678    -0.1163    -0.6370    -0.7404    -0.1748    -0.7323     0.5953    -0.8659    -0.8698     0.6459     0.2688    -0.9982
R              -0.8132     0.3444     1.0000     1.0000    -0.8988    -0.7192    -0.8678    -0.1163    -0.6370    -0.7404    -0.1748    -0.7323     0.5953    -0.8659    -0.8698     0.6459     0.2688    -0.9982
logI            0.9148    -0.3822    -0.8988    -0.8988     1.0000     0.7764     0.9164     0.3969     0.3905     0.8567    -0.0120     0.7916    -0.6676     0.9155     0.9172    -0.7098     0.0378     0.9155
logL            0.9266     0.2067    -0.7192    -0.7192     0.7764     1.0000     0.9353     0.5708     0.4377     0.7474    -0.0432     0.6683    -0.5464     0.9361     0.9344    -0.5751     0.1208     0.7369
logC            0.9874    -0.1418    -0.8678    -0.8678     0.9164     0.9353     1.0000     0.5053     0.4406     0.8305    -0.0750     0.7172    -0.5521     1.0000     1.0000    -0.6038     0.0785     0.8902
logEX           0.6257     0.0255    -0.1163    -0.1163     0.3969     0.5708     0.5053     1.0000    -0.4884     0.3161     0.0242     0.2945    -0.1865     0.5078     0.5028    -0.2092     0.8840     0.1580
logM            0.2996     0.1918    -0.6370    -0.6370     0.3905     0.4377     0.4406    -0.4884     1.0000     0.4481    -0.0724     0.3877    -0.3765     0.4388     0.4425    -0.3821    -0.8397     0.6101
logD            0.8052    -0.1716    -0.7404    -0.7404     0.8567     0.7474     0.8305     0.3161     0.4481     1.0000    -0.1513     0.9045    -0.8275     0.8303     0.8307    -0.8603    -0.0433     0.7599
logD_star      -0.0609    -0.0181    -0.1748    -0.1748    -0.0120    -0.0432    -0.0750     0.0242    -0.0724    -0.1513     1.0000     0.2661    -0.2990    -0.0767    -0.0732    -0.2901     0.0539     0.1382
logN            0.7011    -0.1290    -0.7323    -0.7323     0.7916     0.6683     0.7172     0.2945     0.3877     0.9045     0.2661     1.0000    -0.9681     0.7164     0.7180    -0.9861    -0.0244     0.7341
spread         -0.5342     0.0167     0.5953     0.5953    -0.6676    -0.5464    -0.5521    -0.1865    -0.3765    -0.8275    -0.2990    -0.9681     1.0000    -0.5513    -0.5530     0.9955     0.0856    -0.5886
logDC           0.9877    -0.1399    -0.8659    -0.8659     0.9155     0.9361     1.0000     0.5078     0.4388     0.8303    -0.0767     0.7164    -0.5513     1.0000     1.0000    -0.6030     0.0810     0.8884
logm            0.9871    -0.1438    -0.8698    -0.8698     0.9172     0.9344     1.0000     0.5028     0.4425     0.8307    -0.0732     0.7180    -0.5530     1.0000     1.0000    -0.6047     0.0759     0.8919
leverage       -0.5849     0.0755     0.6459     0.6459    -0.7098    -0.5751    -0.6038    -0.2092    -0.3821    -0.8603    -0.2901    -0.9861     0.9955    -0.6030    -0.6047     1.0000     0.0745    -0.6420
TB              0.2289    -0.0869     0.2688     0.2688     0.0378     0.1208     0.0785     0.8840    -0.8397    -0.0433     0.0539    -0.0244     0.0856     0.0810     0.0759     0.0745     1.0000    -0.2285
logcryp         0.8406    -0.3601    -0.9982    -0.9982     0.9155     0.7369     0.8902     0.1580     0.6101     0.7599     0.1382     0.7341    -0.5886     0.8884     0.8919    -0.6420    -0.2285     1.0000



COEFFICIENTS OF AUTOCORRELATION
Order             1       2       3       4       5
logY         0.9195  0.8465  0.7803  0.7202  0.6658
logPi        0.5300  0.3114  0.2064  0.1529  0.1232
logR         0.9129  0.8299  0.7530  0.6827  0.6188
R            0.9129  0.8299  0.7530  0.6827  0.6188
logI         0.9096  0.8183  0.7319  0.6523  0.5799
logL         0.7826  0.6598  0.5817  0.5259  0.4818
logC         0.9071  0.8306  0.7647  0.7064  0.6542
logEX        0.9132  0.8321  0.7577  0.6900  0.6286
logM         0.7472  0.5987  0.5004  0.4280  0.3701
logD         0.9220  0.8514  0.7873  0.7290  0.6759
logD_star    0.9984  0.9949  0.9899  0.9839  0.9769
logN         0.9198  0.8478  0.7825  0.7231  0.6689
spread       0.9154  0.8402  0.7722  0.7105  0.6541
logDC        0.9069  0.8305  0.7646  0.7065  0.6543
logm         0.9072  0.8307  0.7648  0.7064  0.6541
leverage     0.9189  0.8455  0.7786  0.7176  0.6617
TB           0.8600  0.7533  0.6661  0.5915  0.5262
logcryp      0.9175  0.8369  0.7613  0.6918  0.6285
Total computing time : 0h00m01s
