Starting Dynare (version 5.3).
Calling Dynare with arguments: none
Starting preprocessing of the model file ...
Found 64 equation(s).
Evaluating expressions...done
Computing static model derivatives (order 1).
Computing dynamic model derivatives (order 1).
Processing outputs ...
done
Preprocessing completed.


STEADY-STATE RESULTS:

mc        		 0.888889
Pi        		 1
Z         		 0.039621
w         		 5.17246
R         		 1.015
epsilon   		 0.979079
Q         		 1
Y         		 1.75882
M         		 0.287424
L         		 0.157172
C         		 1.17926
I         		 0.236752
K         		 11.8376
EX        		 0.315114
N         		 2.27638
K_b       		 9.10191
K_h       		 2.73571
D         		 2.39347
D_star    		 4.54869
x         		 0.489295
psi       		 1.60336
phi       		 3.99842
upsilon   		 1.56716
mu        		 0.00713487
mu_star   		 0.0114754
A         		 1
R_star    		 1.00757
Y_star    		 0.321848
Phi       		 0
Theta     		 0.401
chi_h     		 0.00622747
chi_b     		 0.021464
Ynet      		 1.44972
P_c       		 1
R_dc      		 1
theta_c   		 1
cryp      		 0
DC        		 1.2437
m         		 1.23226
R_c       		 1
Lambda    		 0.985222
gam       		 0.0255198
trs       		 0.49769
Lambda1   		 0.822468
sigma_Rc  		 0
mu_cryp   		 0.02316
x_c       		 0
DE        		 1
logY      		 0.564643
logPi     		 0
logR      		 0.0148886
logI      		 -1.44074
logL      		 -1.85042
logC      		 0.164889
logEX     		 -1.15482
logM      		 -1.2468
logD      		 0.872748
logD_star 		 1.51484
logN      		 0.822587
spread    		 -5.37714
logDC     		 0.21809
logm      		 0.208848
leverage  		 1.3859
TB        		 0.02769

EIGENVALUES:
         Modulus             Real        Imaginary

       5.035e-17       -5.035e-17                0
       1.161e-16       -1.161e-16                0
       5.605e-16        5.605e-16                0
          0.4638           0.4638                0
             0.9              0.9                0
             0.9              0.9                0
             0.9              0.9                0
          0.9337           0.9337                0
            0.95             0.95                0
            0.95             0.95                0
           0.972            0.972                0
          0.9809           0.9809                0
           1.022            1.022                0
           1.045            1.045                0
           1.075            1.075                0
           1.154            1.154                0
           1.608            1.608                0
             Inf              Inf                0
             Inf              Inf                0


There are 7 eigenvalue(s) larger than 1 in modulus 
for 7 forward-looking variable(s)

The rank condition is verified.

MODEL_DIAGNOSTICS:  The Jacobian of the static model is singular
MODEL_DIAGNOSTICS:  there is 2 colinear relationships between the variables and the equations
Relation 1
Colinear variables:
Z
w
epsilon
Y
M
L
C
I
K
EX
N
K_b
K_h
D
D_star
x
psi
phi
upsilon
mu
mu_star
R_star
Y_star
chi_h
chi_b
Ynet
DC
m
gam
Lambda1
mu_cryp
logY
logI
logL
logC
logEX
logM
logD
logD_star
logN
spread
logDC
logm
leverage
TB
Relation 2
Colinear variables:
Z
w
epsilon
Y
M
L
C
I
K
EX
N
K_b
K_h
D
D_star
x
psi
phi
upsilon
mu
mu_star
R_star
Y_star
chi_h
chi_b
Ynet
DC
m
gam
Lambda1
mu_cryp
logY
logI
logL
logC
logEX
logM
logD
logD_star
logN
spread
logDC
logm
leverage
TB
Relation 1
Colinear equations
    46    47
Relation 2
Colinear equations
    46    47
MODEL_DIAGNOSTICS:  The presence of a singularity problem typically indicates that there is one
MODEL_DIAGNOSTICS:  redundant equation entered in the model block, while another non-redundant equation
MODEL_DIAGNOSTICS:  is missing. The problem often derives from Walras Law.

MODEL SUMMARY

  Number of variables:         64
  Number of stochastic shocks: 6
  Number of state variables:   12
  Number of jumpers:           7
  Number of static variables:  46


MATRIX OF COVARIANCE OF EXOGENOUS SHOCKS
Variables               varepsilon_R      varepsilon_A  varepsilon_Rstar  varepsilon_Ystar            eps_Rc               vol
varepsilon_R                0.000006          0.000000          0.000000          0.000000          0.000000          0.000000
varepsilon_A                0.000000          0.000100          0.000000          0.000000          0.000000          0.000000
varepsilon_Rstar            0.000000          0.000000          0.000006          0.000000          0.000000          0.000000
varepsilon_Ystar            0.000000          0.000000          0.000000          0.000000          0.000000          0.000000
eps_Rc                      0.000000          0.000000          0.000000          0.000000          0.000000          0.000000
vol                         0.000000          0.000000          0.000000          0.000000          0.000000          0.000000

POLICY AND TRANSITION FUNCTIONS
                                logY           logPi            logR               R            logI            logL            logC           logEX            logM            logD       logD_star            logN          spread           logDC            logm        leverage              TB            R_dc
Constant                    0.564643               0        0.014889        1.015000       -1.440740       -1.850415        0.164889       -1.154819       -1.246795        0.872748        1.514840        0.822587       -5.377140        0.218090        0.208848        1.385898        0.027690        1.000000
R(-1)                      -2.069584       -0.971620        0.344573        0.349742       -2.970195       -2.737887       -2.192625       -1.563679       -3.588239       -8.170248       -0.226735       -7.176541       12.032518       -2.113207       -2.279180        2.354246        0.538610               0
K(-1)                       0.015138       -0.003761       -0.000132       -0.000134       -0.075071       -0.014136        0.023624        0.020371       -0.015859       -0.261915       -0.001002       -0.236973        0.551857        0.023593        0.023657        0.117937        0.010977               0
K_b(-1)                     0.000563        0.000017       -0.000681       -0.000691        0.066331       -0.003571        0.008119       -0.011450        0.013442        0.776930        0.000849        0.606464       -1.063173        0.007962        0.008290       -0.254791       -0.007472               0
D(-1)                      -0.000560       -0.000017        0.000678        0.000688       -0.066030        0.003555       -0.008082        0.011398       -0.013381       -0.773408       -0.000846       -0.603715        1.058355       -0.007926       -0.008252        0.253636        0.007438               0
D_star(-1)                 -0.015750       -0.003468        0.004628        0.004697       -0.112204        0.014902       -0.061762        0.097942       -0.130551       -1.592258        0.213258       -0.874441        1.446464       -0.060695       -0.062924        0.386689        0.068386               0
A(-1)                       0.634967       -0.177868       -0.029866       -0.030314        0.768439       -0.349928        0.634429        0.569448       -0.461501        0.641717       -0.029162        0.681286       -0.701970        0.627545        0.641931       -0.078917        0.312088               0
R_star(-1)                 -1.489887        0.086563        0.594502        0.603420       -6.564542        1.098675       -4.719592        9.388992      -11.451098      -63.095832        0.276423      -35.678401       59.257533       -4.582570       -4.868929       14.797756        6.249934               0
Y_star(-1)                  0.491080        0.076523       -0.014125       -0.014336        0.369983        0.444755        0.184159        2.101807        1.443376        4.000171       -0.106655        2.390094       -3.655048        0.180903        0.187707       -1.125695        0.247448               0
epsilon(-1)                 0.160811        0.075542       -0.026667       -0.027067        0.218831        0.213527        0.168998        0.123668        0.276538        0.493449        0.017474        0.447299       -0.741503        0.162852        0.175697       -0.136543       -0.040514               0
varepsilon_R               -2.624109       -1.232693        0.435149        0.441676       -3.570882       -3.484329       -2.757712       -2.018020       -4.512545       -8.052085       -0.285141       -7.299015       12.099826       -2.657419       -2.867020        2.228110        0.661109               0
varepsilon_A                0.705519       -0.197631       -0.033184       -0.033682        0.853821       -0.388809        0.704921        0.632720       -0.512779        0.713018       -0.032402        0.756984       -0.779966        0.697273        0.713257       -0.087685        0.346764               0
varepsilon_Rstar           -1.576425        0.113577        0.637343        0.646903       -6.731106        1.145999       -4.934185        9.940922      -12.068583      -62.119495       -0.762595      -35.256350       58.586040       -4.787289       -5.094283       14.502267        6.601335               0
varepsilon_Ystar            0.545645        0.085025       -0.015694       -0.015929        0.411092        0.494172        0.204621        2.335341        1.603751        4.444635       -0.118505        2.655660       -4.061165        0.201004        0.208563       -1.250772        0.274943               0


THEORETICAL MOMENTS
VARIABLE          MEAN  STD. DEV.   VARIANCE
logY            0.5646     0.0265     0.0007
logPi           0.0000     0.0046     0.0000
logR            0.0149     0.0043     0.0000
R               1.0150     0.0043     0.0000
logI           -1.4407     0.0463     0.0021
logL           -1.8504     0.0163     0.0003
logC            0.1649     0.0416     0.0017
logEX          -1.1548     0.0667     0.0045
logM           -1.2468     0.0738     0.0055
logD            0.8727     0.4454     0.1984
logD_star       1.5148     0.0290     0.0008
logN            0.8226     0.2437     0.0594
spread         -5.3771     0.3906     0.1525
logDC           0.2181     0.0406     0.0017
logm            0.2088     0.0426     0.0018
leverage        1.3859     0.1002     0.0100
TB              0.0277     0.0414     0.0017
R_dc            1.0000     0.0000     0.0000



VARIANCE DECOMPOSITION (in percent)
                 varepsilon_R      varepsilon_A  varepsilon_Rstar  varepsilon_Ystar            eps_Rc               vol
logY                     7.88             79.23             12.89              0.00              0.00              0.00
logPi                   57.87             25.64             16.49              0.00              0.00              0.00
logR                     8.36             20.29             71.35              0.00              0.00              0.00
R                        8.36             20.29             71.35              0.00              0.00              0.00
logI                     5.53             29.01             65.46              0.00              0.00              0.00
logL                    36.49              7.09             56.42              0.00              0.00              0.00
logC                     3.52             34.89             61.59              0.00              0.00              0.00
logEX                    1.02              9.32             89.67              0.00              0.00              0.00
logM                     3.03              0.63             96.35              0.00              0.00              0.00
logD                     0.90              0.30             98.80              0.00              0.00              0.00
logD_star                7.01              0.26             92.73              0.00              0.00              0.00
logN                     3.05              0.88             96.06              0.00              0.00              0.00
spread                   3.46              0.25             96.29              0.00              0.00              0.00
logDC                    3.42             35.25             61.33              0.00              0.00              0.00
logm                     3.62             34.52             61.86              0.00              0.00              0.00
leverage                 2.40              0.03             97.58              0.00              0.00              0.00
TB                       0.37              2.67             96.96              0.00              0.00              0.00
R_dc                     7.78             35.42             56.79              0.00              0.00              0.00



MATRIX OF CORRELATIONS
Variables         logY      logPi       logR          R       logI       logL       logC      logEX       logM       logD  logD_star       logN     spread      logDC       logm   leverage         TB
logY            1.0000    -0.2052    -0.7701    -0.7701     0.7926    -0.1239     0.8581    -0.0300     0.3850     0.4174    -0.2107     0.4540    -0.4068     0.8595     0.8565    -0.3777    -0.2128
logPi          -0.2052     1.0000     0.2206     0.2206    -0.3133     0.8718    -0.3458     0.3384    -0.2184    -0.3599     0.2360    -0.3345     0.3155    -0.3485    -0.3429     0.3305     0.2840
logR           -0.7701     0.2206     1.0000     1.0000    -0.9699     0.4260    -0.9684     0.6370    -0.8803    -0.8704     0.2972    -0.8941     0.8748    -0.9668    -0.9699     0.8576     0.7754
R              -0.7701     0.2206     1.0000     1.0000    -0.9699     0.4260    -0.9684     0.6370    -0.8803    -0.8704     0.2972    -0.8941     0.8748    -0.9668    -0.9699     0.8576     0.7754
logI            0.7926    -0.3133    -0.9699    -0.9699     1.0000    -0.4304     0.9416    -0.5705     0.8072     0.8093    -0.1556     0.8527    -0.8429     0.9401     0.9430    -0.8122    -0.7042
logL           -0.1239     0.8718     0.4260     0.4260    -0.4304     1.0000    -0.4863     0.7265    -0.5869    -0.6989     0.4752    -0.6499     0.6337    -0.4874    -0.4852     0.6673     0.6704
logC            0.8581    -0.3458    -0.9684    -0.9684     0.9416    -0.4863     1.0000    -0.5342     0.7911     0.8212    -0.4142     0.8324    -0.7953     1.0000     1.0000    -0.7858    -0.6774
logEX          -0.0300     0.3384     0.6370     0.6370    -0.5705     0.7265    -0.5342     1.0000    -0.9172    -0.9081     0.3608    -0.8809     0.8951    -0.5313    -0.5372     0.9155     0.9789
logM            0.3850    -0.2184    -0.8803    -0.8803     0.8072    -0.5869     0.7911    -0.9172     1.0000     0.9770    -0.3851     0.9703    -0.9692     0.7883     0.7939    -0.9745    -0.9793
logD            0.4174    -0.3599    -0.8704    -0.8704     0.8093    -0.6989     0.8212    -0.9081     0.9770     1.0000    -0.4603     0.9903    -0.9807     0.8194     0.8231    -0.9916    -0.9628
logD_star      -0.2107     0.2360     0.2972     0.2972    -0.1556     0.4752    -0.4142     0.3608    -0.3851    -0.4603     1.0000    -0.3499     0.2885    -0.4167    -0.4115     0.3557     0.3810
logN            0.4540    -0.3345    -0.8941    -0.8941     0.8527    -0.6499     0.8324    -0.8809     0.9703     0.9903    -0.3499     1.0000    -0.9962     0.8303     0.8346    -0.9963    -0.9456
spread         -0.4068     0.3155     0.8748     0.8748    -0.8429     0.6337    -0.7953     0.8951    -0.9692    -0.9807     0.2885    -0.9962     1.0000    -0.7927    -0.7979     0.9965     0.9522
logDC           0.8595    -0.3485    -0.9668    -0.9668     0.9401    -0.4874     1.0000    -0.5313     0.7883     0.8194    -0.4167     0.8303    -0.7927     1.0000     0.9999    -0.7835    -0.6745
logm            0.8565    -0.3429    -0.9699    -0.9699     0.9430    -0.4852     1.0000    -0.5372     0.7939     0.8231    -0.4115     0.8346    -0.7979     0.9999     1.0000    -0.7882    -0.6804
leverage       -0.3777     0.3305     0.8576     0.8576    -0.8122     0.6673    -0.7858     0.9155    -0.9745    -0.9916     0.3557    -0.9963     0.9965    -0.7835    -0.7882     1.0000     0.9654
TB             -0.2128     0.2840     0.7754     0.7754    -0.7042     0.6704    -0.6774     0.9789    -0.9793    -0.9628     0.3810    -0.9456     0.9522    -0.6745    -0.6804     0.9654     1.0000



COEFFICIENTS OF AUTOCORRELATION
Order             1       2       3       4       5
logY         0.9084  0.8287  0.7581  0.6948  0.6379
logPi        0.5616  0.3501  0.2448  0.1892  0.1575
logR         0.8756  0.7830  0.7085  0.6454  0.5903
R            0.8756  0.7830  0.7085  0.6454  0.5903
logI         0.8880  0.7931  0.7103  0.6367  0.5706
logL         0.7443  0.6098  0.5328  0.4837  0.4485
logC         0.9198  0.8513  0.7909  0.7369  0.6880
logEX        0.9192  0.8438  0.7744  0.7111  0.6535
logM         0.8923  0.8087  0.7393  0.6794  0.6264
logD         0.9360  0.8772  0.8229  0.7727  0.7261
logD_star    0.9955  0.9890  0.9810  0.9719  0.9618
logN         0.9287  0.8637  0.8038  0.7484  0.6972
spread       0.9235  0.8537  0.7895  0.7302  0.6754
logDC        0.9207  0.8526  0.7926  0.7387  0.6901
logm         0.9189  0.8499  0.7892  0.7349  0.6859
leverage     0.9306  0.8662  0.8065  0.7510  0.6995
TB           0.9118  0.8346  0.7659  0.7043  0.6487
Total computing time : 0h00m01s
