function [ys_, params, info] = steadystate(ys_, exo_, params)
% Steady state generated by Dynare preprocessor
    info = 0;
    ys_(1)=0.888888888889;
    ys_(2)=1.000000000000;
    ys_(3)=0.040142052839;
    ys_(4)=5.096187431661;
    ys_(5)=1.015000000000;
    ys_(6)=1.000000000000;
    ys_(7)=1.000000000000;
    ys_(8)=2.978901677003;
    ys_(9)=0.476624268320;
    ys_(10)=0.270185225993;
    ys_(11)=2.021262792667;
    ys_(12)=0.395781343682;
    ys_(13)=19.789067184088;
    ys_(14)=0.529928350166;
    ys_(15)=3.721235734488;
    ys_(16)=14.700100712086;
    ys_(17)=5.088966472003;
    ys_(18)=5.667495473901;
    ys_(19)=5.330408184582;
    ys_(20)=0.362610317370;
    ys_(21)=1.576180764299;
    ys_(23)=1.541609918441;
    ys_(24)=0.007809891288;
    ys_(25)=0.007594137529;
    ys_(26)=1.000000000000;
    ys_(28)=0.529928350166;
    ys_(27)=1.010000000000;
    ys_(22)=3.950327730073;
    ys_(30)=0.399000000000;
    ys_(31)=0.012890509603;
    ys_(32)=0.019038680885;
    ys_(29)=0.000000000000;
    ys_(33)=ys_(8)-ys_(6)*ys_(9)-ys_(31)-ys_(32);
    % Auxiliary equations
end
